"csg" :
[
  [
  {
    "type"  : "sphere"
    "rgb"   : "197 197 197"
    "round%": "0.1"
    "line_w": "1"
    "r"     : "0.616914 0.781356 -0.0943366 -0.00149098 0.121024 0.992648 0.787029 -0.612238 0.0758264"
    "t"     : "8.05251 0.481727 35.4844"
    "s"     : "37.9763 32 28.058"
  }
  {
    "type"  : "sphere"
    "rgb"   : "14 14 14"
    "blend" : "2"
    "round%": "0.1"
    "line_w": "1"
    "r"     : "0.554996 0.765043 0.326633 -0.276347 -0.200791 0.939849 0.784609 -0.611876 0.0999792"
    "t"     : "-8.42635 -19.1338 58.9418"
    "s"     : "15.9492 14.626 6.08287"
  }
  {
    "type"  : "sphere"
    "rgb"   : "14 14 14"
    "blend" : "2"
    "round%": "0.1"
    "line_w": "1"
    "r"     : "0.48511 0.551491 -0.678621 0.35379 0.58592 0.729062 0.799688 -0.593764 0.0891236"
    "t"     : "26.489 25.3776 54.7585"
    "s"     : "15.9492 14.626 6.08287"
  }
  {
    "type"  : "sphere"
    "rgb"   : "14 14 14"
    "blend" : "2"
    "round%": "0.1"
    "cone%" : "0.15"
    "line_w": "1"
    "r"     : "0.906026 -0.397244 0.14599 -0.172663 -0.032011 0.984461 -0.386398 -0.917154 -0.0975922"
    "t"     : "-10.6211 -26.343 21.9063"
    "s"     : "6.88677 10.2875 25.7724"
  }
  {
    "type"  : "sphere"
    "rgb"   : "14 14 14"
    "blend" : "1"
    "round%": "0.1"
    "cone%" : "0.3"
    "line_w": "1"
    "r"     : "0.780076 -0.599559 -0.178914 0.580696 0.800226 -0.149766 0.232965 0.0129337 0.972399"
    "t"     : "-26.199 -45.1432 32.4143"
    "s"     : "2.62134 2.62134 3.49771"
  }
  {
    "type"  : "sphere"
    "rgb"   : "14 14 14"
    "blend" : "3"
    "round%": "0.1"
    "line_w": "1"
    "r"     : "0.917544 -0.396256 0.0330863 0.104071 0.319619 0.941814 -0.383774 -0.860712 0.334503"
    "t"     : "-24.869 -44.6296 22.6148"
    "s"     : "7.59612 7.59612 14.5668"
  }
  {
    "type"  : "sphere"
    "rgb"   : "14 14 14"
    "round%": "0.1"
    "line_w": "1"
    "r"     : "0.150833 -0.345047 -0.926387 -0.84522 -0.531021 0.0601694 -0.512692 0.773925 -0.371736"
    "t"     : "10.1097 -14.3359 44.2214"
    "s"     : "8.05591 8.29013 17.0913"
  }
  {
    "type"  : "sphere"
    "rgb"   : "14 14 14"
    "round%": "0.1"
    "line_w": "1"
    "r"     : "0.150833 -0.345047 -0.926387 -0.84522 -0.531021 0.0601694 -0.512692 0.773925 -0.371736"
    "t"     : "26.1404 5.6262 43.3789"
    "s"     : "8.05591 8.29013 17.0913"
  }
  {
    "type"  : "sphere"
    "rgb"   : "14 14 14"
    "round%": "0.1"
    "half"  : "1"
    "line_w": "1"
    "r"     : "-0.615059 -0.707943 0.347159 0.11402 0.355803 0.92758 -0.780193 0.610099 -0.13812"
    "t"     : "28.4697 -2.27424 58.6541"
    "s"     : "13.6579 1 1"
  }
  {
    "type"  : "sphere"
    "rgb"   : "14 14 14"
    "round%": "0.1"
    "half"  : "1"
    "line_w": "1"
    "r"     : "0.723174 0.651844 0.228295 0.516216 -0.290533 -0.805675 -0.458847 0.700493 -0.546598"
    "t"     : "17.2227 -17.8391 58.8396"
    "s"     : "13.6579 1 1"
  }
  {
    "type"  : "sphere"
    "rgb"   : "204 82 131"
    "blend" : "6"
    "round%": "0.1"
    "line_w": "1"
    "r"     : "0.150833 -0.345047 -0.926387 -0.84522 -0.531021 0.0601694 -0.512692 0.773925 -0.371736"
    "t"     : "5.25182 -29.5247 37.9033"
    "s"     : "5.68555 7.05276 3.20752"
  }
  {
    "type"  : "sphere"
    "rgb"   : "204 82 131"
    "blend" : "6"
    "round%": "0.1"
    "line_w": "1"
    "r"     : "-0.256542 -0.919617 -0.297474 0.173517 -0.346594 0.921827 -0.95083 0.184871 0.248485"
    "t"     : "38.5319 1.8356 32.1234"
    "s"     : "2.93695 3.45804 1"
  }
  {
    "type"  : "sphere"
    "rgb"   : "0 0 0"
    "blend" : "1"
    "round%": "0.1"
    "half"  : "4"
    "line_w": "1"
    "r"     : "-0.497783 -0.865055 0.0623831 0.865626 -0.491065 0.0977084 -0.053889 0.102638 0.993258"
    "t"     : "27.2871 -15.4368 31.3965"
    "s"     : "13.4362 5.0181 9.50171"
  }
  ]
]
"object" :
[
  {
  }
]
"palette" :
[
  "0 0 0"
  "255 255 255"
  "255 255 204"
  "255 255 153"
  "255 255 102"
  "255 255 51"
  "255 255 0"
  "255 204 255"
  "255 204 204"
  "255 204 153"
  "255 204 102"
  "255 204 51"
  "255 204 0"
  "255 153 255"
  "255 153 204"
  "255 153 153"
  "255 153 102"
  "255 153 51"
  "255 153 0"
  "255 102 255"
  "255 102 204"
  "255 102 153"
  "255 102 102"
  "255 102 51"
  "255 102 0"
  "255 51 255"
  "255 51 204"
  "255 51 153"
  "255 51 102"
  "255 51 51"
  "255 51 0"
  "255 0 255"
  "255 0 204"
  "255 0 153"
  "255 0 102"
  "255 0 51"
  "255 0 0"
  "204 255 255"
  "204 255 204"
  "204 255 153"
  "204 255 102"
  "204 255 51"
  "204 255 0"
  "204 204 255"
  "204 204 204"
  "204 204 153"
  "204 204 102"
  "204 204 51"
  "204 204 0"
  "204 153 255"
  "204 153 204"
  "204 153 153"
  "204 153 102"
  "204 153 51"
  "204 153 0"
  "204 102 255"
  "204 102 204"
  "204 102 153"
  "204 102 102"
  "204 102 51"
  "204 102 0"
  "204 51 255"
  "204 51 204"
  "204 51 153"
  "204 51 102"
  "204 51 51"
  "204 51 0"
  "204 0 255"
  "204 0 204"
  "204 0 153"
  "204 0 102"
  "204 0 51"
  "204 0 0"
  "153 255 255"
  "153 255 204"
  "153 255 153"
  "153 255 102"
  "153 255 51"
  "153 255 0"
  "153 204 255"
  "153 204 204"
  "153 204 153"
  "153 204 102"
  "153 204 51"
  "153 204 0"
  "153 153 255"
  "153 153 204"
  "153 153 153"
  "153 153 102"
  "153 153 51"
  "153 153 0"
  "153 102 255"
  "153 102 204"
  "153 102 153"
  "153 102 102"
  "153 102 51"
  "153 102 0"
  "153 51 255"
  "153 51 204"
  "153 51 153"
  "153 51 102"
  "153 51 51"
  "153 51 0"
  "153 0 255"
  "153 0 204"
  "153 0 153"
  "153 0 102"
  "153 0 51"
  "153 0 0"
  "102 255 255"
  "102 255 204"
  "102 255 153"
  "102 255 102"
  "102 255 51"
  "102 255 0"
  "102 204 255"
  "102 204 204"
  "102 204 153"
  "102 204 102"
  "102 204 51"
  "102 204 0"
  "102 153 255"
  "102 153 204"
  "102 153 153"
  "102 153 102"
  "102 153 51"
  "102 153 0"
  "102 102 255"
  "102 102 204"
  "102 102 153"
  "102 102 102"
  "102 102 51"
  "102 102 0"
  "102 51 255"
  "102 51 204"
  "102 51 153"
  "102 51 102"
  "102 51 51"
  "102 51 0"
  "102 0 255"
  "102 0 204"
  "102 0 153"
  "102 0 102"
  "102 0 51"
  "102 0 0"
  "51 255 255"
  "51 255 204"
  "51 255 153"
  "51 255 102"
  "51 255 51"
  "51 255 0"
  "51 204 255"
  "51 204 204"
  "51 204 153"
  "51 204 102"
  "51 204 51"
  "51 204 0"
  "51 153 255"
  "51 153 204"
  "51 153 153"
  "51 153 102"
  "51 153 51"
  "51 153 0"
  "51 102 255"
  "51 102 204"
  "51 102 153"
  "51 102 102"
  "51 102 51"
  "51 102 0"
  "51 51 255"
  "51 51 204"
  "51 51 153"
  "51 51 102"
  "51 51 51"
  "51 51 0"
  "51 0 255"
  "51 0 204"
  "51 0 153"
  "51 0 102"
  "51 0 51"
  "51 0 0"
  "0 255 255"
  "0 255 204"
  "0 255 153"
  "0 255 102"
  "0 255 51"
  "0 255 0"
  "0 204 255"
  "0 204 204"
  "0 204 153"
  "0 204 102"
  "0 204 51"
  "0 204 0"
  "0 153 255"
  "0 153 204"
  "0 153 153"
  "0 153 102"
  "0 153 51"
  "0 153 0"
  "0 102 255"
  "0 102 204"
  "0 102 153"
  "0 102 102"
  "0 102 51"
  "0 102 0"
  "0 51 255"
  "0 51 204"
  "0 51 153"
  "0 51 102"
  "0 51 51"
  "0 51 0"
  "0 0 255"
  "0 0 204"
  "0 0 153"
  "0 0 102"
  "0 0 51"
  "238 0 0"
  "221 0 0"
  "187 0 0"
  "170 0 0"
  "136 0 0"
  "119 0 0"
  "85 0 0"
  "68 0 0"
  "34 0 0"
  "17 0 0"
  "0 238 0"
  "0 221 0"
  "0 187 0"
  "0 170 0"
  "0 136 0"
  "0 119 0"
  "0 85 0"
  "0 68 0"
  "0 34 0"
  "0 17 0"
  "0 0 238"
  "0 0 221"
  "0 0 187"
  "0 0 170"
  "0 0 136"
  "0 0 119"
  "0 0 85"
  "0 0 68"
  "0 0 34"
  "0 0 17"
  "238 238 238"
  "221 221 221"
  "187 187 187"
  "170 170 170"
  "136 136 136"
  "119 119 119"
  "85 85 85"
  "68 68 68"
  "34 34 34"
  "17 17 17"
]
