"csg" :
[
  [
  {
    "type"  : "sphere"
    "rgb"   : "197 197 197"
    "round%": "0.1"
    "line_w": "1"
    "r"     : "0.719087 0.694691 0.0178189 -0.100876 0.0789802 0.991759 0.687559 -0.714959 0.126871"
    "t"     : "7.10286 1.68537 33.0492"
    "s"     : "37.9763 32 28.058"
  }
  {
    "type"  : "sphere"
    "rgb"   : "14 14 14"
    "blend" : "2"
    "round%": "0.1"
    "line_w": "1"
    "r"     : "0.607436 0.668265 0.429469 -0.408689 -0.200697 0.890334 0.681172 -0.71634 0.151202"
    "t"     : "-14.4288 -16.4796 53.3716"
    "s"     : "15.9492 14.626 6.08287"
  }
  {
    "type"  : "sphere"
    "rgb"   : "14 14 14"
    "blend" : "2"
    "round%": "0.1"
    "line_w": "1"
    "r"     : "0.629085 0.508549 -0.587903 0.338739 0.501373 0.796166 0.699648 -0.700002 0.143141"
    "t"     : "26.2235 23.018 55.6433"
    "s"     : "15.9492 14.626 6.08287"
  }
  {
    "type"  : "joint"
    "rgb"   : "14 14 14"
    "blend" : "2"
    "round%": "0.1"
    "cone%" : "0.15"
    "line_w": "1"
    "r"     : "0.823197 -0.522292 0.222615 -0.289917 -0.0495708 0.955767 -0.488154 -0.851325 -0.192228"
    "t"     : "-13.1717 -21.7635 15.9696"
    "s"     : "10.2875 10.2875 10.3055"
  }
  {
    "type"  : "joint"
    "rgb"   : "14 14 14"
    "blend" : "1"
    "round%": "0.1"
    "cone%" : "0.3"
    "line_w": "1"
    "r"     : "0.711107 -0.691827 -0.125307 0.693333 0.719597 -0.0383336 0.116691 -0.0596202 0.991377"
    "t"     : "-32.1879 -38.7001 23.5892"
    "s"     : "2.62134 2.62134 3.05637"
  }
  {
    "type"  : "joint"
    "rgb"   : "14 14 14"
    "blend" : "3"
    "round%": "0.1"
    "line_w": "1"
    "r"     : "0.847941 -0.518138 0.11193 0.0332534 0.262731 0.964296 -0.529046 -0.813944 0.24001"
    "t"     : "-29.6593 -37.961 14.0436"
    "s"     : "7.59612 7.59612 7.53516"
  }
  {
    "type"  : "bezier"
    "rgb"   : "14 14 14"
    "round%": "0.1"
    "cone%" : "0.15"
    "half"  : "2"
    "line_w": "1"
    "r"     : "0.364104 0.917993 0.157219 -0.272178 -0.0565592 0.960583 0.890701 -0.392544 0.229264"
    "t"     : "34.8991 -3.42256 44.8147"
    "s"     : "5.31738 1 1"
  }
  {
    "type"  : "bezier"
    "rgb"   : "14 14 14"
    "round%": "0.1"
    "half"  : "4"
    "line_w": "1"
    "r"     : "0.058816 -0.00288597 -0.998265 0.696463 0.716534 0.0389628 0.715179 -0.697546 0.0441536"
    "t"     : "11.2368 -29.2945 41.9519"
    "s"     : "1 1.65468 28.058"
  }
  {
    "type"  : "bezier"
    "rgb"   : "14 14 14"
    "round%": "0.1"
    "line_w": "1"
    "r"     : "0.0222857 -0.0403832 -0.998936 0.698587 0.715401 -0.0133358 0.715178 -0.697546 0.0441543"
    "t"     : "32.3573 -6.06108 40.8678"
    "s"     : "1 1.65468 2.72075"
  }
  {
    "type"  : "bezier"
    "rgb"   : "14 14 14"
    "round%": "0.1"
    "half"  : "3"
    "line_w": "1"
    "r"     : "-0.856594 -0.421674 -0.297383 0.246583 0.171738 -0.953784 0.453258 -0.890335 -0.0431326"
    "t"     : "13.6968 -26.2094 38.1546"
    "s"     : "5.16586 1 1"
  }
  {
    "type"  : "bezier"
    "rgb"   : "14 14 14"
    "round%": "0.1"
    "half"  : "3"
    "line_w": "1"
    "r"     : "-0.907981 -0.418876 0.0106715 0.0151615 -0.0582954 -0.998184 0.418737 -0.90617 0.0592819"
    "t"     : "33.5568 -6.89424 39.4514"
    "s"     : "5.16586 1 1"
  }
  {
    "type"  : "bezier"
    "rgb"   : "14 14 14"
    "round%": "0.1"
    "line_w": "1"
    "r"     : "-0.831167 -0.555586 0.0220409 0.510257 -0.777902 -0.366751 0.220907 -0.293584 0.930058"
    "t"     : "25.1342 -16.5924 30.1292"
    "s"     : "7.51489 2.04333 1"
  }
  {
    "type"  : "bezier"
    "rgb"   : "158 158 158"
    "round%": "0.1"
    "line_w": "1"
    "r"     : "-0.728418 -0.1642 -0.665166 0.684998 -0.155272 -0.711806 0.0135966 -0.97413 0.22558"
    "t"     : "17.6757 -23.8717 29.4036"
    "s"     : "4.52322 1 1"
  }
  {
    "type"  : "bezier"
    "rgb"   : "154 154 154"
    "round%": "0.1"
    "half"  : "2"
    "line_w": "1"
    "r"     : "0.487286 0.338827 -0.804829 0.520004 0.627836 0.579152 0.701533 -0.700727 0.129744"
    "t"     : "36.7286 -6.3065 31.5887"
    "s"     : "4.52322 1 1"
  }
  {
    "type"  : "bezier"
    "rgb"   : "14 14 14"
    "round%": "0.1"
    "half"  : "6"
    "line_w": "1"
    "r"     : "-0.627149 -0.778179 0.0334988 0.715517 -0.592576 -0.369985 0.307765 -0.208067 0.928434"
    "t"     : "28.7415 -16.3443 19.7361"
    "s"     : "10.8063 2.04333 1"
  }
  {
    "type"  : "bezier"
    "rgb"   : "14 14 14"
    "round%": "0.1"
    "half"  : "7"
    "line_w": "1"
    "r"     : "0.418893 -0.745483 0.518443 -0.0199874 0.563242 0.826051 -0.907816 -0.356389 0.221038"
    "t"     : "4.20668 -28.7439 51.7457"
    "s"     : "1 1 20.4788"
  }
  {
    "type"  : "bezier"
    "rgb"   : "14 14 14"
    "round%": "0.1"
    "half"  : "7"
    "line_w": "1"
    "r"     : "0.742066 -0.430861 0.513514 -0.54378 0.0610267 0.837006 -0.391971 -0.900353 -0.189008"
    "t"     : "30.0719 -13.6912 48.9922"
    "s"     : "1 1 18.1632"
  }
  {
    "type"  : "sphere"
    "rgb"   : "0 0 0"
    "round%": "0.1"
    "line_w": "1"
    "r"     : "0.522399 0.84966 0.0719496 -0.159093 0.0142224 0.987161 0.837728 -0.527138 0.142605"
    "t"     : "-6.61692 19.2811 7.31156"
    "s"     : "4.887 4.38306 4.24611"
  }
  ]
]
"object" :
[
  {
  }
]
"palette" :
[
  "0 0 0"
  "255 255 255"
  "255 255 204"
  "255 255 153"
  "255 255 102"
  "255 255 51"
  "255 255 0"
  "255 204 255"
  "255 204 204"
  "255 204 153"
  "255 204 102"
  "255 204 51"
  "255 204 0"
  "255 153 255"
  "255 153 204"
  "255 153 153"
  "255 153 102"
  "255 153 51"
  "255 153 0"
  "255 102 255"
  "255 102 204"
  "255 102 153"
  "255 102 102"
  "255 102 51"
  "255 102 0"
  "255 51 255"
  "255 51 204"
  "255 51 153"
  "255 51 102"
  "255 51 51"
  "255 51 0"
  "255 0 255"
  "255 0 204"
  "255 0 153"
  "255 0 102"
  "255 0 51"
  "255 0 0"
  "204 255 255"
  "204 255 204"
  "204 255 153"
  "204 255 102"
  "204 255 51"
  "204 255 0"
  "204 204 255"
  "204 204 204"
  "204 204 153"
  "204 204 102"
  "204 204 51"
  "204 204 0"
  "204 153 255"
  "204 153 204"
  "204 153 153"
  "204 153 102"
  "204 153 51"
  "204 153 0"
  "204 102 255"
  "204 102 204"
  "204 102 153"
  "204 102 102"
  "204 102 51"
  "204 102 0"
  "204 51 255"
  "204 51 204"
  "204 51 153"
  "204 51 102"
  "204 51 51"
  "204 51 0"
  "204 0 255"
  "204 0 204"
  "204 0 153"
  "204 0 102"
  "204 0 51"
  "204 0 0"
  "153 255 255"
  "153 255 204"
  "153 255 153"
  "153 255 102"
  "153 255 51"
  "153 255 0"
  "153 204 255"
  "153 204 204"
  "153 204 153"
  "153 204 102"
  "153 204 51"
  "153 204 0"
  "153 153 255"
  "153 153 204"
  "153 153 153"
  "153 153 102"
  "153 153 51"
  "153 153 0"
  "153 102 255"
  "153 102 204"
  "153 102 153"
  "153 102 102"
  "153 102 51"
  "153 102 0"
  "153 51 255"
  "153 51 204"
  "153 51 153"
  "153 51 102"
  "153 51 51"
  "153 51 0"
  "153 0 255"
  "153 0 204"
  "153 0 153"
  "153 0 102"
  "153 0 51"
  "153 0 0"
  "102 255 255"
  "102 255 204"
  "102 255 153"
  "102 255 102"
  "102 255 51"
  "102 255 0"
  "102 204 255"
  "102 204 204"
  "102 204 153"
  "102 204 102"
  "102 204 51"
  "102 204 0"
  "102 153 255"
  "102 153 204"
  "102 153 153"
  "102 153 102"
  "102 153 51"
  "102 153 0"
  "102 102 255"
  "102 102 204"
  "102 102 153"
  "102 102 102"
  "102 102 51"
  "102 102 0"
  "102 51 255"
  "102 51 204"
  "102 51 153"
  "102 51 102"
  "102 51 51"
  "102 51 0"
  "102 0 255"
  "102 0 204"
  "102 0 153"
  "102 0 102"
  "102 0 51"
  "102 0 0"
  "51 255 255"
  "51 255 204"
  "51 255 153"
  "51 255 102"
  "51 255 51"
  "51 255 0"
  "51 204 255"
  "51 204 204"
  "51 204 153"
  "51 204 102"
  "51 204 51"
  "51 204 0"
  "51 153 255"
  "51 153 204"
  "51 153 153"
  "51 153 102"
  "51 153 51"
  "51 153 0"
  "51 102 255"
  "51 102 204"
  "51 102 153"
  "51 102 102"
  "51 102 51"
  "51 102 0"
  "51 51 255"
  "51 51 204"
  "51 51 153"
  "51 51 102"
  "51 51 51"
  "51 51 0"
  "51 0 255"
  "51 0 204"
  "51 0 153"
  "51 0 102"
  "51 0 51"
  "51 0 0"
  "0 255 255"
  "0 255 204"
  "0 255 153"
  "0 255 102"
  "0 255 51"
  "0 255 0"
  "0 204 255"
  "0 204 204"
  "0 204 153"
  "0 204 102"
  "0 204 51"
  "0 204 0"
  "0 153 255"
  "0 153 204"
  "0 153 153"
  "0 153 102"
  "0 153 51"
  "0 153 0"
  "0 102 255"
  "0 102 204"
  "0 102 153"
  "0 102 102"
  "0 102 51"
  "0 102 0"
  "0 51 255"
  "0 51 204"
  "0 51 153"
  "0 51 102"
  "0 51 51"
  "0 51 0"
  "0 0 255"
  "0 0 204"
  "0 0 153"
  "0 0 102"
  "0 0 51"
  "238 0 0"
  "221 0 0"
  "187 0 0"
  "170 0 0"
  "136 0 0"
  "119 0 0"
  "85 0 0"
  "68 0 0"
  "34 0 0"
  "17 0 0"
  "0 238 0"
  "0 221 0"
  "0 187 0"
  "0 170 0"
  "0 136 0"
  "0 119 0"
  "0 85 0"
  "0 68 0"
  "0 34 0"
  "0 17 0"
  "0 0 238"
  "0 0 221"
  "0 0 187"
  "0 0 170"
  "0 0 136"
  "0 0 119"
  "0 0 85"
  "0 0 68"
  "0 0 34"
  "0 0 17"
  "238 238 238"
  "221 221 221"
  "187 187 187"
  "170 170 170"
  "136 136 136"
  "119 119 119"
  "85 85 85"
  "68 68 68"
  "34 34 34"
  "17 17 17"
]
